0 0.331871 0.411458 0.022661 0.030154
0 0.376645 0.434211 0.024854 0.030154
0 0.416027 0.472451 0.019920 0.029879
0 0.458790 0.506031 0.026864 0.038377
0 0.417215 0.593750 0.023026 0.040022
0 0.375822 0.561678 0.025768 0.040022
0 0.330775 0.531935 0.024854 0.032072
0 0.287920 0.508909 0.028692 0.030428
0 0.239857 0.495477 0.026864 0.044134
0 0.203216 0.492873 0.024123 0.030702
0 0.290113 0.403235 0.019920 0.027961
0 0.251005 0.394052 0.021747 0.031524
0 0.209247 0.390762 0.017544 0.026042
0 0.170322 0.392544 0.016813 0.019189
0 0.161550 0.491639 0.019371 0.030976
0 0.150859 0.563734 0.021382 0.032621
0 0.189419 0.575932 0.028326 0.043311
0 0.231360 0.583607 0.030702 0.046601
0 0.215826 0.629249 0.030702 0.040296
0 0.256031 0.634868 0.028874 0.046601
0 0.301170 0.644874 0.028874 0.050164
0 0.350420 0.662829 0.033808 0.046601
0 0.400676 0.690104 0.032712 0.058936
0 0.438596 0.716009 0.026681 0.036184
0 0.343110 0.722725 0.038925 0.041393
0 0.293311 0.724507 0.031067 0.046053
0 0.269645 0.770148 0.032712 0.047971
0 0.247442 0.715323 0.031067 0.044134
0 0.201846 0.712719 0.026864 0.038925
0 0.226243 0.782072 0.029971 0.044956
0 0.184119 0.785773 0.021016 0.032072
0 0.189510 0.833470 0.029605 0.037007
0 0.147935 0.789474 0.027961 0.038377
0 0.161367 0.713405 0.025950 0.041393
0 0.172240 0.630482 0.026864 0.047149
0 0.131670 0.635417 0.038194 0.046601
0 0.123447 0.713542 0.034174 0.044408
0 0.108735 0.802632 0.024854 0.037829
0 0.158077 0.863624 0.024854 0.040844
0 0.110563 0.567160 0.024123 0.036184
0 0.123264 0.486157 0.026133 0.043037
0 0.209613 0.331003 0.024488 0.034814
0 0.245705 0.330729 0.026864 0.030976
0 0.292215 0.335115 0.021930 0.031524
0 0.332237 0.341420 0.018640 0.030428
0 0.379295 0.357319 0.027230 0.030428
0 0.418403 0.384320 0.026864 0.038925
0 0.456689 0.417078 0.022661 0.042489
0 0.441703 0.306469 0.019737 0.036184
0 0.475969 0.345943 0.022844 0.028509
0 0.404423 0.287966 0.023757 0.031524
0 0.362390 0.278783 0.018275 0.026316
0 0.506670 0.298931 0.017361 0.035910
0 0.469664 0.265625 0.024488 0.038377
0 0.429642 0.236842 0.023026 0.030702
0 0.391721 0.221354 0.022478 0.026590
0 0.268092 0.223136 0.017178 0.020833
0 0.307749 0.221902 0.020102 0.030428
0 0.276681 0.269326 0.020468 0.035910
0 0.319353 0.266721 0.026864 0.037829
0 0.240497 0.264391 0.020102 0.024945
0 0.203947 0.260005 0.016813 0.023300
0 0.171144 0.327714 0.017361 0.027138
0 0.168220 0.255071 0.019920 0.029331
0 0.133315 0.255757 0.016630 0.027412
0 0.133406 0.323602 0.019371 0.028235
0 0.100329 0.326891 0.016082 0.027138
0 0.100055 0.256716 0.013706 0.024397
0 0.162738 0.200932 0.014072 0.022478
0 0.196820 0.208882 0.016813 0.023575
0 0.127741 0.202303 0.012427 0.019737
0 0.096857 0.403920 0.016813 0.029331
0 0.132310 0.395285 0.016813 0.026316
0 0.085526 0.491091 0.021564 0.030428
0 0.049525 0.498492 0.023392 0.032072
0 0.018183 0.504112 0.023209 0.036184
0 0.044134 0.574150 0.020651 0.034814
0 0.014254 0.581414 0.019371 0.037281
0 0.077760 0.568531 0.026133 0.041667
0 0.092836 0.637884 0.026681 0.040022
0 0.059850 0.639391 0.022844 0.043586
0 0.026955 0.643777 0.023575 0.038651
0 0.085892 0.713268 0.026316 0.044408
0 0.053545 0.712445 0.024854 0.041667
0 0.019828 0.716831 0.024306 0.042763
0 0.018823 0.773849 0.024123 0.040022
0 0.050073 0.774260 0.026681 0.049068
0 0.085069 0.774534 0.029057 0.041393
0 0.075292 0.817845 0.024488 0.045230
0 0.045687 0.836075 0.028874 0.038925
0 0.017452 0.851425 0.024306 0.038377
0 0.055830 0.896930 0.022113 0.038377
0 0.088999 0.891173 0.024488 0.040022
0 0.123081 0.880894 0.026133 0.039200
0 0.026499 0.934485 0.022661 0.033443
0 0.185124 0.944627 0.019371 0.041118
0 0.224507 0.923383 0.031615 0.043037
0 0.267087 0.918037 0.037829 0.052083
0 0.276864 0.842516 0.036550 0.053454
0 0.316155 0.918997 0.030336 0.042489
0 0.364126 0.932155 0.023940 0.033717
0 0.324927 0.842379 0.031067 0.046601
0 0.370157 0.843887 0.032346 0.055099
0 0.423337 0.858827 0.031250 0.042215
0 0.413560 0.945038 0.032529 0.045230
0 0.462537 0.953947 0.027778 0.037281
0 0.534539 0.487802 0.025219 0.037007
0 0.495066 0.455455 0.022661 0.033169
0 0.574470 0.522204 0.025768 0.041667
0 0.496985 0.541941 0.017727 0.029605
0 0.536915 0.579084 0.020468 0.037555
0 0.462811 0.626371 0.029788 0.040022
0 0.508863 0.653098 0.030885 0.046327
0 0.582237 0.610060 0.026681 0.039200
0 0.618787 0.551672 0.025219 0.040296
0 0.540022 0.325247 0.028509 0.044134
0 0.574287 0.365680 0.019920 0.024123
0 0.615040 0.392818 0.012244 0.024123
0 0.652961 0.417763 0.015716 0.027412
0 0.592471 0.440927 0.021564 0.034265
0 0.551170 0.415981 0.020102 0.033717
0 0.514437 0.381853 0.021564 0.029605
0 0.622716 0.631579 0.024671 0.030702
0 0.662555 0.573739 0.017361 0.036184
0 0.551992 0.675439 0.028326 0.044408
0 0.597588 0.699424 0.026316 0.038651
0 0.641082 0.728344 0.031433 0.047149
0 0.534996 0.798931 0.023940 0.037555
0 0.486568 0.786184 0.038194 0.037281
0 0.586257 0.816749 0.023757 0.039200
0 0.628655 0.835389 0.028143 0.051809
0 0.668951 0.857456 0.022844 0.037281
0 0.470852 0.874726 0.033443 0.042763
0 0.518366 0.884183 0.027961 0.039200
0 0.566429 0.905702 0.029057 0.046053
0 0.512244 0.965735 0.026681 0.038377
0 0.558297 0.979304 0.028509 0.041393
0 0.613395 0.922012 0.025768 0.032621
0 0.651224 0.940652 0.023209 0.032072
0 0.692069 0.964912 0.018640 0.023026
0 0.708333 0.886239 0.027047 0.042215
0 0.715552 0.816612 0.021016 0.027412
0 0.752376 0.841009 0.025219 0.035088
0 0.784814 0.862253 0.021747 0.033717
0 0.740040 0.911732 0.032346 0.048246
0 0.776681 0.940927 0.022661 0.040296
0 0.817251 0.889117 0.020468 0.029879
0 0.664017 0.654605 0.027230 0.040022
0 0.704496 0.686541 0.028143 0.037555
0 0.740954 0.707785 0.023940 0.035636
0 0.702485 0.594298 0.022295 0.030702
0 0.742599 0.614172 0.025402 0.032621
0 0.779331 0.642133 0.028692 0.039748
0 0.815058 0.669271 0.022295 0.036458
0 0.705501 0.507264 0.023209 0.031524
0 0.633041 0.469709 0.019006 0.026590
0 0.671327 0.489309 0.018092 0.023026
0 0.693805 0.432703 0.024306 0.038103
0 0.729349 0.459019 0.024488 0.035362
0 0.747076 0.531524 0.017544 0.029605
0 0.781067 0.735746 0.018640 0.036732
0 0.814145 0.752604 0.025585 0.043037
0 0.848227 0.777138 0.020285 0.039474
0 0.845852 0.694216 0.019920 0.037007
0 0.781433 0.550576 0.021930 0.021107
0 0.814510 0.567571 0.019006 0.027686
0 0.847039 0.917352 0.026681 0.038103
0 0.805099 0.969024 0.026864 0.037829
0 0.849507 0.844572 0.021747 0.028509
0 0.875640 0.867050 0.018823 0.030702
0 0.681287 0.754797 0.027778 0.035362