0 0.226517 0.108827 0.027230 0.034539
0 0.265260 0.083059 0.022478 0.027961
0 0.309302 0.078810 0.022113 0.032072
0 0.354441 0.073328 0.028692 0.034814
0 0.396290 0.070861 0.022844 0.037007
0 0.437409 0.077851 0.022844 0.033991
0 0.193988 0.138432 0.023575 0.026864
0 0.228527 0.190927 0.030885 0.039200
0 0.189510 0.211623 0.025219 0.031250
0 0.265260 0.173794 0.029423 0.038925
0 0.311129 0.166941 0.024306 0.033443
0 0.354075 0.172286 0.029423 0.037007
0 0.201023 0.282484 0.024123 0.023849
0 0.162281 0.311952 0.023757 0.030702
0 0.239583 0.257950 0.027778 0.043860
0 0.282712 0.254112 0.030336 0.048794
0 0.325475 0.253701 0.023392 0.045779
0 0.369335 0.265899 0.031067 0.048794
0 0.400219 0.174479 0.024488 0.034814
0 0.387336 0.210526 0.028326 0.040570
0 0.418494 0.269326 0.023026 0.040844
0 0.300347 0.325247 0.028692 0.045779
0 0.256670 0.328947 0.033077 0.043860
0 0.214730 0.351014 0.033260 0.043037
0 0.175530 0.371848 0.026864 0.032072
0 0.140534 0.398438 0.031433 0.039748
0 0.130208 0.360609 0.027230 0.037007
0 0.202668 0.433114 0.025219 0.039474
0 0.161001 0.455592 0.021199 0.037829
0 0.240040 0.429139 0.018823 0.035910
0 0.265808 0.385554 0.030519 0.046327
0 0.310764 0.387747 0.034539 0.051261
0 0.290022 0.436678 0.028143 0.050987
0 0.355263 0.413788 0.031798 0.054002
0 0.333790 0.459704 0.023940 0.037829
0 0.230994 0.506716 0.031798 0.041393
0 0.189327 0.522204 0.030336 0.048246
0 0.148118 0.538925 0.029423 0.041118
0 0.123264 0.492736 0.022478 0.039748
0 0.196820 0.590735 0.028509 0.045504
0 0.158260 0.593613 0.036550 0.050164
0 0.146382 0.633635 0.025219 0.033717
0 0.191886 0.637061 0.024854 0.041667
0 0.240040 0.608553 0.034539 0.053728
0 0.275585 0.530154 0.022295 0.040022
0 0.361751 0.522067 0.030885 0.046327
0 0.309667 0.587034 0.032712 0.040844
0 0.376279 0.594572 0.035453 0.052083
0 0.427723 0.596765 0.030885 0.042215
0 0.418311 0.525356 0.031433 0.048520
0 0.391173 0.458333 0.028692 0.042763
0 0.346217 0.337034 0.032712 0.047423
0 0.392909 0.363487 0.035453 0.043311
0 0.436221 0.397341 0.040205 0.046327
0 0.424159 0.322917 0.035819 0.046601
0 0.322734 0.649945 0.037281 0.048246
0 0.371711 0.667626 0.031798 0.051261
0 0.315424 0.721628 0.030702 0.039748
0 0.269737 0.663925 0.026681 0.038925
0 0.222314 0.692160 0.029423 0.038925
0 0.269189 0.741228 0.025585 0.043311
0 0.228801 0.763021 0.025585 0.036458
0 0.188048 0.781798 0.025950 0.033443
0 0.190972 0.723273 0.031798 0.045230
0 0.149488 0.728618 0.026681 0.036732
0 0.153509 0.777961 0.023026 0.035636
0 0.122442 0.809622 0.028509 0.039200
0 0.219298 0.871162 0.026681 0.044956
0 0.191977 0.906524 0.020285 0.040022
0 0.167489 0.939967 0.023575 0.033443
0 0.156890 0.890899 0.022844 0.039474
0 0.183571 0.863350 0.021747 0.036458
0 0.276133 0.886650 0.021564 0.038103
0 0.303637 0.837856 0.023940 0.046327
0 0.333699 0.799616 0.029971 0.044956
0 0.374178 0.763295 0.031615 0.052357
0 0.354075 0.854578 0.029057 0.044134
0 0.326572 0.906661 0.028874 0.039748
0 0.244792 0.919271 0.028692 0.041941
0 0.217654 0.956552 0.030336 0.038103
0 0.299799 0.948876 0.026499 0.037007
0 0.249086 0.839912 0.026681 0.046053
0 0.416393 0.763569 0.025037 0.035362
0 0.482091 0.085663 0.029240 0.031524
0 0.624726 0.131168 0.036367 0.046327
0 0.650219 0.074287 0.032164 0.045504
0 0.682018 0.141173 0.033991 0.044956
0 0.585344 0.161870 0.032164 0.049616
0 0.543494 0.190515 0.035088 0.043860
0 0.493878 0.193942 0.033077 0.040296
0 0.447460 0.191201 0.032346 0.046327
0 0.572460 0.241639 0.030519 0.046875
0 0.607182 0.204359 0.026133 0.041393
0 0.524945 0.246299 0.024306 0.035362
0 0.466740 0.280702 0.026681 0.041667
0 0.507493 0.313322 0.028143 0.043311
0 0.562135 0.299616 0.024123 0.045504
0 0.599141 0.337034 0.029057 0.054002
0 0.547971 0.361020 0.030154 0.045504
0 0.474232 0.357456 0.029240 0.040570
0 0.510234 0.411184 0.032529 0.046601
0 0.573556 0.419545 0.022844 0.041393
0 0.527961 0.476700 0.033991 0.048246
0 0.470121 0.462171 0.036732 0.047697
0 0.585161 0.498355 0.019371 0.035088
0 0.540570 0.556880 0.024488 0.037007
0 0.489218 0.529057 0.028143 0.037829
0 0.485654 0.605948 0.025402 0.042489
0 0.498081 0.686266 0.032712 0.039748
0 0.453490 0.723958 0.028692 0.036184
0 0.572003 0.700658 0.028874 0.035636
0 0.610746 0.651590 0.022295 0.035636
0 0.655976 0.624178 0.027230 0.043860
0 0.699744 0.615543 0.032529 0.050164
0 0.711349 0.101151 0.023940 0.035636
0 0.750640 0.072231 0.022844 0.039748
0 0.765625 0.149945 0.021747 0.036184
0 0.732365 0.190652 0.032712 0.041941
0 0.706323 0.239583 0.021564 0.035636
0 0.752376 0.259320 0.030702 0.044956
0 0.684759 0.301124 0.030336 0.046875
0 0.730446 0.320175 0.026681 0.045504
0 0.729806 0.397478 0.029788 0.047697
0 0.673337 0.380757 0.034174 0.048794
0 0.689145 0.441886 0.029605 0.047697
0 0.770194 0.359375 0.028692 0.050439
0 0.781890 0.289885 0.027595 0.045230
0 0.774854 0.552906 0.026681 0.046053
0 0.746619 0.627878 0.033808 0.043037
0 0.751279 0.669956 0.030336 0.032895
0 0.662463 0.702577 0.028874 0.036732
0 0.623355 0.733004 0.033991 0.038925
0 0.581689 0.772204 0.036184 0.052083
0 0.546875 0.810718 0.026864 0.034814
0 0.510051 0.863076 0.026316 0.034814
0 0.608644 0.834841 0.027961 0.040296
0 0.800804 0.120614 0.034357 0.041667
0 0.827760 0.178728 0.031615 0.041667
0 0.861659 0.152001 0.027778 0.041393
0 0.898483 0.140214 0.029057 0.046327
0 0.870614 0.076206 0.033260 0.043311
0 0.801718 0.219709 0.022661 0.035362
0 0.844846 0.260005 0.029240 0.050164
0 0.876279 0.216557 0.030336 0.047149
0 0.904697 0.197368 0.028326 0.043860
0 0.945632 0.207922 0.025037 0.042489
0 0.925439 0.246436 0.029971 0.045504
0 0.899671 0.273849 0.030336 0.043860
0 0.830135 0.326617 0.031250 0.052357
0 0.951572 0.266447 0.024854 0.040022
0 0.978162 0.238761 0.022844 0.045504
0 0.936769 0.130894 0.029240 0.035910
0 0.870523 0.383909 0.026864 0.039748
0 0.907346 0.370888 0.025950 0.042215
0 0.947094 0.364309 0.019920 0.040570
0 0.880757 0.452303 0.033808 0.052083
0 0.785819 0.461897 0.035088 0.043311
0 0.824836 0.489309 0.025037 0.053180
0 0.859010 0.518092 0.028692 0.040570
0 0.896382 0.532895 0.028143 0.042763
0 0.928454 0.534402 0.020651 0.034265
0 0.925713 0.472999 0.014072 0.022752
0 0.966466 0.457511 0.028692 0.037281
0 0.976791 0.397889 0.022295 0.046327
0 0.923246 0.599095 0.023392 0.038103
0 0.960800 0.588405 0.022478 0.037555
0 0.811860 0.578810 0.029788 0.039748
0 0.794408 0.655291 0.032895 0.044682