0 0.211897 0.312226 0.033808 0.045504
0 0.255848 0.343065 0.036184 0.050713
0 0.298063 0.385280 0.037281 0.053454
0 0.243878 0.425164 0.046235 0.062500
0 0.278783 0.482456 0.035270 0.054276
0 0.322734 0.530154 0.036915 0.065789
0 0.367233 0.574561 0.034905 0.054276
0 0.317069 0.636650 0.038012 0.057292
0 0.271016 0.583882 0.050073 0.070724
0 0.235654 0.527275 0.040753 0.067160
0 0.186678 0.494380 0.033077 0.049068
0 0.137792 0.470395 0.043494 0.063048
0 0.094755 0.464638 0.033443 0.045504
0 0.106177 0.368284 0.028509 0.039748
0 0.084613 0.304825 0.025585 0.038377
0 0.058754 0.374178 0.032346 0.032895
0 0.093110 0.554962 0.033443 0.049068
0 0.138889 0.563734 0.036184 0.049068
0 0.186038 0.591694 0.035819 0.051261
0 0.224050 0.650905 0.036915 0.061129
0 0.259046 0.714227 0.033808 0.060581
0 0.292032 0.794408 0.032164 0.053180
0 0.304459 0.864035 0.030702 0.054825
0 0.223593 0.822368 0.029057 0.056469
0 0.195632 0.762884 0.033808 0.057566
0 0.152230 0.694901 0.038743 0.054825
0 0.104624 0.659677 0.037829 0.049616
0 0.063962 0.646930 0.038012 0.046053
0 0.019006 0.669545 0.030702 0.047423
0 0.022844 0.750411 0.036550 0.052357
0 0.131579 0.786458 0.035819 0.057018
0 0.187591 0.924479 0.041118 0.074287
0 0.367233 0.869929 0.034174 0.053454
0 0.364766 0.788925 0.036915 0.045504
0 0.349963 0.703399 0.032895 0.036732
0 0.454952 0.691749 0.035270 0.030976
0 0.462537 0.778646 0.038743 0.048520
0 0.520651 0.636924 0.035453 0.051809
0 0.454770 0.487939 0.040387 0.052632
0 0.495614 0.544134 0.038012 0.054276
0 0.413560 0.431332 0.035088 0.051261
0 0.372533 0.381716 0.044773 0.050164
0 0.440333 0.313734 0.038194 0.050713
0 0.394097 0.292489 0.037463 0.047697
0 0.342745 0.256716 0.029423 0.042489
0 0.296875 0.225740 0.040387 0.051809
0 0.405793 0.221628 0.027961 0.039200
0 0.533352 0.423657 0.034174 0.058388
0 0.152047 0.380894 0.036915 0.049616
0 0.194079 0.400493 0.024488 0.046601
0 0.151499 0.239172 0.030336 0.038103
0 0.036915 0.880757 0.032164 0.043860
