0 0.531707 0.383909 0.042215 0.064967
0 0.587080 0.340186 0.050987 0.087719
0 0.639346 0.337308 0.030154 0.043037
0 0.615314 0.253975 0.046418 0.063871
0 0.673794 0.275905 0.047149 0.066612
0 0.641082 0.178454 0.043860 0.048246
0 0.696912 0.201754 0.036001 0.058114
0 0.659357 0.102248 0.028143 0.044956
0 0.583973 0.081277 0.030154 0.054550
0 0.553088 0.155702 0.043677 0.060855
0 0.524488 0.230126 0.024488 0.038103
0 0.496985 0.308936 0.041484 0.059759
0 0.476425 0.399534 0.035453 0.060033
0 0.451298 0.250274 0.041118 0.053180
0 0.484284 0.177769 0.041301 0.066612
0 0.510417 0.108004 0.047149 0.061404
0 0.457237 0.089638 0.034722 0.038377
0 0.421510 0.161732 0.036367 0.049890
0 0.394006 0.233827 0.041667 0.050987
0 0.428637 0.336075 0.039656 0.062500
0 0.405702 0.409677 0.041301 0.068257
0 0.393458 0.505345 0.047149 0.057292
0 0.496254 0.553728 0.046601 0.060855
0 0.550256 0.506716 0.031433 0.056195
0 0.575018 0.591831 0.051352 0.077303
0 0.633132 0.545779 0.036001 0.061404
0 0.632584 0.449424 0.050256 0.070998
0 0.655062 0.633772 0.035270 0.046601
0 0.600238 0.680373 0.037829 0.044956
0 0.508955 0.649123 0.045687 0.060307
0 0.446820 0.607730 0.046418 0.057566
0 0.452120 0.700658 0.041667 0.059211
0 0.387975 0.704907 0.041667 0.055647
0 0.396290 0.793174 0.038194 0.046327
0 0.470943 0.777138 0.036184 0.057566
0 0.509320 0.848958 0.036550 0.060307
0 0.554733 0.894737 0.046966 0.067982
0 0.601882 0.930510 0.036367 0.051261
0 0.657529 0.941886 0.042763 0.054825
0 0.629660 0.837034 0.038560 0.060581
0 0.578673 0.784951 0.038925 0.066064
0 0.539200 0.724095 0.042580 0.057292
0 0.419408 0.866365 0.035819 0.055099
0 0.457511 0.922423 0.041118 0.053728
0 0.512792 0.960115 0.047515 0.060033
0 0.436221 0.477385 0.035453 0.050713
0 0.365497 0.311815 0.036184 0.054002
0 0.390899 0.096491 0.032164 0.038377
0 0.363030 0.165296 0.023575 0.037829
0 0.425347 0.032072 0.030154 0.046053
0 0.323099 0.099232 0.033991 0.045504
0 0.266630 0.229578 0.032895 0.042489
0 0.307840 0.306606 0.034174 0.053454
0 0.289108 0.390077 0.029605 0.058662
0 0.346126 0.389529 0.039108 0.063048
0 0.327851 0.476974 0.043129 0.066338
0 0.312409 0.560170 0.038560 0.062226
0 0.355903 0.569901 0.033808 0.058114
0 0.305099 0.649945 0.036732 0.054276
0 0.298246 0.728755 0.041667 0.063871
0 0.311586 0.804688 0.035088 0.055647
0 0.254751 0.783991 0.042398 0.049890
0 0.251096 0.706140 0.036915 0.054825
0 0.249269 0.622122 0.029971 0.051261
0 0.272661 0.471765 0.025950 0.042763
0 0.260417 0.543860 0.023757 0.037281
0 0.194719 0.533443 0.027230 0.040022
0 0.185307 0.617050 0.029240 0.041667
0 0.175530 0.686404 0.027961 0.038925
0 0.179276 0.762336 0.023757 0.037281
0 0.192526 0.841968 0.019189 0.040844
0 0.212171 0.910773 0.029971 0.047423
0 0.285545 0.926124 0.029423 0.046875
0 0.327394 0.890077 0.029788 0.050987
0 0.266904 0.856497 0.034539 0.057840
0 0.170687 0.486020 0.040936 0.049890
0 0.207145 0.448739 0.031981 0.038377
0 0.245249 0.304276 0.029971 0.048794
0 0.292124 0.170641 0.021747 0.026042
0 0.333607 0.229167 0.034905 0.044956
0 0.805738 0.131579 0.042032 0.062500
0 0.787463 0.218887 0.040936 0.058936
0 0.850877 0.169408 0.034722 0.063048
0 0.868878 0.102796 0.031250 0.051535
0 0.746802 0.045093 0.039291 0.058936
0 0.684211 0.033306 0.038377 0.047971
0 0.723227 0.115269 0.036732 0.060581
0 0.838907 0.381031 0.036367 0.056469
0 0.884868 0.370203 0.045322 0.070450
0 0.910088 0.271930 0.040205 0.060855
0 0.951206 0.245066 0.035819 0.059759
0 0.968019 0.309622 0.035088 0.050713
0 0.930464 0.331552 0.031981 0.052906
0 0.779697 0.378152 0.038560 0.055647
0 0.733187 0.402412 0.031798 0.052083
0 0.765808 0.466420 0.035636 0.054002
0 0.721948 0.521656 0.033808 0.056469
0 0.680099 0.455181 0.033077 0.055099
0 0.775585 0.569353 0.044591 0.061952
0 0.832602 0.550302 0.036184 0.070998
0 0.876279 0.500548 0.041667 0.067434
0 0.910819 0.452303 0.036550 0.046053
0 0.951206 0.476425 0.038012 0.060855
0 0.918860 0.541118 0.029971 0.046053
0 0.883315 0.608964 0.035636 0.064419
0 0.845669 0.665570 0.034174 0.049890
0 0.796327 0.711897 0.041849 0.058662
0 0.742873 0.725603 0.026316 0.041118
0 0.686495 0.701891 0.032712 0.039748
0 0.646838 0.741091 0.035636 0.051261
0 0.687774 0.855400 0.040753 0.058936
0 0.743604 0.843887 0.038743 0.050164
0 0.800713 0.807429 0.032346 0.049616
0 0.859466 0.814282 0.029605 0.044134
0 0.892178 0.817571 0.022295 0.049068
0 0.823556 0.874041 0.038560 0.052357
0 0.716009 0.934896 0.029971 0.038651
0 0.820724 0.936952 0.031067 0.036732
0 0.850512 0.748355 0.035453 0.049890
0 0.889711 0.738076 0.030519 0.050713
0 0.917124 0.665844 0.024306 0.042215
