0 0.465552 0.352385 0.024671 0.029879
0 0.523849 0.309348 0.041484 0.047423
0 0.582328 0.301261 0.036001 0.052083
0 0.521930 0.249041 0.033626 0.049616
0 0.463359 0.277138 0.026133 0.033443
0 0.412007 0.260554 0.029057 0.038651
0 0.341100 0.387198 0.024671 0.041393
0 0.383589 0.420916 0.039474 0.049616
0 0.470760 0.452851 0.035088 0.048246
0 0.386056 0.509046 0.031615 0.046601
0 0.313962 0.546053 0.032529 0.037829
0 0.356360 0.572780 0.029605 0.032072
0 0.343841 0.484923 0.033077 0.046053
0 0.297423 0.460115 0.031250 0.049616
0 0.288194 0.370888 0.033626 0.046053
0 0.312774 0.326069 0.030154 0.036458
0 0.322094 0.258224 0.023209 0.035636
0 0.262884 0.314967 0.030154 0.033443
0 0.270742 0.240817 0.027230 0.039200
0 0.534448 0.387473 0.029057 0.045230
0 0.597770 0.370203 0.028143 0.045779
0 0.626645 0.334978 0.029605 0.036184
0 0.647569 0.392818 0.030154 0.043860
0 0.620340 0.459156 0.033077 0.050439
0 0.570815 0.441201 0.031615 0.043037
0 0.525037 0.480537 0.031067 0.046053
0 0.569719 0.507538 0.041484 0.040844
0 0.616685 0.525493 0.030519 0.052632
0 0.664382 0.535362 0.029057 0.046053
0 0.712262 0.554688 0.040022 0.056195
0 0.704130 0.326069 0.027778 0.036458
0 0.676718 0.263158 0.029971 0.037829
0 0.723593 0.250822 0.040022 0.050439
0 0.663377 0.216694 0.033991 0.047423
0 0.704404 0.190241 0.037098 0.044408
0 0.749635 0.167900 0.032529 0.045779
0 0.790296 0.165981 0.029057 0.039200
0 0.480446 0.553591 0.030702 0.034814
0 0.525311 0.575795 0.035636 0.051261
0 0.575018 0.590598 0.036001 0.054002
0 0.623081 0.600603 0.028692 0.041667
0 0.668037 0.612802 0.028692 0.042489
0 0.496711 0.632812 0.029605 0.037555
0 0.452942 0.614720 0.029057 0.037007
0 0.409265 0.596080 0.029788 0.037007
0 0.233187 0.502741 0.036915 0.046053
0 0.192526 0.475740 0.031615 0.043586
0 0.214181 0.408306 0.029605 0.034814
0 0.228527 0.364583 0.034539 0.037829
0 0.213907 0.296875 0.031981 0.044408
0 0.545596 0.645285 0.030519 0.052632
0 0.749086 0.451206 0.031433 0.046601
0 0.769280 0.502467 0.027595 0.042215
0 0.794773 0.465735 0.029971 0.044408
0 0.786093 0.407209 0.024671 0.043037
0 0.613030 0.230537 0.034174 0.052632
0 0.561129 0.158306 0.030154 0.034265
0 0.513249 0.153920 0.038194 0.051809
0 0.362116 0.253564 0.026133 0.027412
0 0.359192 0.328947 0.033077 0.037829
0 0.311038 0.194216 0.033626 0.034814
0 0.355263 0.197643 0.028143 0.040022
0 0.404331 0.171190 0.021747 0.030428
