0 0.221400 0.816338 0.031615 0.040022
0 0.257950 0.772615 0.037463 0.048520
0 0.242507 0.691064 0.044591 0.050987
0 0.178271 0.690789 0.035270 0.041667
0 0.140534 0.744243 0.031798 0.035088
0 0.108735 0.793997 0.030702 0.033717
0 0.060398 0.768092 0.040022 0.042215
0 0.046784 0.876919 0.033260 0.040022
0 0.117325 0.859512 0.031433 0.045230
0 0.186129 0.856497 0.031250 0.034814
0 0.154514 0.903646 0.025768 0.042489
0 0.328490 0.797834 0.033077 0.038651
0 0.287098 0.843202 0.034357 0.043860
0 0.295779 0.719024 0.036732 0.043311
0 0.279240 0.621711 0.048246 0.066338
0 0.206140 0.631579 0.036550 0.042763
0 0.241776 0.563459 0.038377 0.061129
0 0.166027 0.521519 0.035270 0.038103
0 0.115223 0.655428 0.033077 0.038377
0 0.086714 0.722039 0.048428 0.040022
0 0.039291 0.814008 0.035088 0.045779
0 0.061129 0.635554 0.038194 0.050713
0 0.088268 0.561129 0.031067 0.047149
0 0.142270 0.583607 0.035270 0.040022
0 0.119792 0.483553 0.035636 0.047697
0 0.150585 0.418448 0.039474 0.054002
0 0.194536 0.450384 0.037829 0.055373
0 0.045779 0.453399 0.030154 0.039474
0 0.026681 0.531387 0.033991 0.044134
0 0.311038 0.559485 0.044225 0.054276
0 0.349507 0.498218 0.033443 0.047971
0 0.305556 0.415707 0.046784 0.060033
0 0.233827 0.378015 0.045870 0.058662
0 0.280519 0.341146 0.046784 0.063871
0 0.182749 0.361568 0.023757 0.024123
0 0.111111 0.292489 0.025219 0.027961
0 0.094115 0.233964 0.038012 0.039200
0 0.072186 0.308799 0.028143 0.041393
0 0.026499 0.301809 0.026681 0.033991
0 0.197368 0.258087 0.046418 0.049616
0 0.158352 0.250000 0.028326 0.035636
0 0.131762 0.183662 0.034722 0.047149
0 0.207968 0.168174 0.031798 0.040844
0 0.267818 0.141447 0.050987 0.067434
0 0.280519 0.217791 0.039108 0.047971
0 0.331780 0.187226 0.042946 0.058114
0 0.335618 0.107730 0.042946 0.048794
0 0.390716 0.148026 0.038743 0.058662
0 0.395651 0.072094 0.042398 0.057566
0 0.208425 0.102659 0.032712 0.040844
0 0.254569 0.061404 0.038377 0.038925
0 0.187043 0.040981 0.026499 0.037555
0 0.101791 0.136239 0.035453 0.038925
0 0.053545 0.159265 0.037281 0.043311
0 0.338724 0.340598 0.036367 0.049068
0 0.429916 0.255345 0.044773 0.063322
0 0.410545 0.343887 0.041849 0.064419
0 0.377467 0.422012 0.043311 0.061129
0 0.411915 0.535088 0.041667 0.054276
0 0.375731 0.601700 0.046784 0.049890
0 0.335344 0.668448 0.036550 0.045230
0 0.366137 0.750000 0.039656 0.043860
0 0.403052 0.685307 0.034539 0.047149
0 0.438231 0.625959 0.028874 0.043586
0 0.329678 0.907346 0.028509 0.042763
0 0.368056 0.867599 0.033260 0.043311
0 0.406707 0.829496 0.036367 0.047149
0 0.450475 0.783306 0.034722 0.056743
0 0.476974 0.560581 0.037281 0.044956
0 0.441338 0.459978 0.040936 0.046601
0 0.510599 0.488213 0.036184 0.057566
0 0.473593 0.390214 0.043311 0.052906
0 0.533808 0.407484 0.042398 0.051261
0 0.499086 0.309759 0.044956 0.066886
0 0.474781 0.203536 0.038377 0.043586
0 0.526681 0.230126 0.049708 0.062774
0 0.542855 0.142544 0.040753 0.055921
0 0.462080 0.069079 0.034174 0.047697
0 0.555464 0.070587 0.041849 0.052906
0 0.483279 0.713953 0.044773 0.049616
0 0.520651 0.649397 0.027778 0.036184
0 0.557200 0.590461 0.035453 0.054825
0 0.563048 0.330729 0.026681 0.033169
0 0.586349 0.258087 0.026864 0.049068
0 0.605080 0.189967 0.031433 0.046601
0 0.676352 0.216283 0.035819 0.055373
0 0.698556 0.155702 0.033443 0.046053
0 0.618787 0.112527 0.042032 0.041393
0 0.700841 0.077303 0.025585 0.030154
0 0.619426 0.038240 0.044773 0.047971
0 0.779605 0.041393 0.036184 0.048246
0 0.782529 0.108827 0.028874 0.044408
0 0.685764 0.351700 0.034174 0.049342
0 0.660819 0.296601 0.041301 0.045504
0 0.641721 0.379934 0.038925 0.053728
0 0.583242 0.521107 0.040022 0.046601
0 0.684211 0.523849 0.023392 0.037829
0 0.707328 0.456689 0.028326 0.041667
0 0.730446 0.392818 0.023392 0.033991
0 0.758224 0.316886 0.027778 0.045504
0 0.668586 0.710115 0.040387 0.051261
0 0.636513 0.769326 0.035453 0.047423
0 0.770102 0.665433 0.020102 0.030976
0 0.845577 0.424342 0.030336 0.039474
0 0.906250 0.081414 0.017909 0.037281
