0 0.368787 0.620340 0.024488 0.040570
0 0.459613 0.616091 0.038012 0.052906
0 0.368147 0.689556 0.031981 0.048520
0 0.392087 0.505345 0.038560 0.057292
0 0.407164 0.558525 0.032164 0.056195
0 0.505026 0.567708 0.040022 0.053728
0 0.565881 0.581552 0.021016 0.035362
0 0.534631 0.496985 0.027961 0.043860
0 0.484192 0.440378 0.031981 0.050164
0 0.446729 0.506853 0.036732 0.049342
0 0.560947 0.423931 0.030154 0.045230
0 0.505208 0.365954 0.034905 0.049342
0 0.517635 0.288240 0.028326 0.051809
0 0.423885 0.354167 0.033077 0.047149
0 0.444353 0.281661 0.032712 0.054002
0 0.460435 0.202988 0.029788 0.047971
0 0.459795 0.121985 0.031433 0.033991
0 0.506305 0.127741 0.031615 0.042215
0 0.623173 0.129112 0.027412 0.044408
0 0.572003 0.107730 0.035453 0.039474
0 0.506579 0.050713 0.025950 0.029057
0 0.556012 0.040844 0.033077 0.051535
0 0.609375 0.055236 0.026133 0.032072
0 0.651681 0.050850 0.032895 0.044134
0 0.665570 0.109649 0.025219 0.038925
0 0.629477 0.201617 0.036732 0.051809
0 0.583516 0.266584 0.028143 0.033717
0 0.612390 0.431058 0.036550 0.050713
0 0.670139 0.413925 0.024123 0.043860
0 0.730355 0.348821 0.034174 0.043586
0 0.679733 0.332374 0.023575 0.032621
0 0.630482 0.357182 0.037281 0.037829
0 0.733370 0.277961 0.025950 0.044956
0 0.678819 0.180510 0.030885 0.041941
0 0.729532 0.195998 0.029971 0.038925
0 0.721491 0.134731 0.028143 0.041941
0 0.707785 0.056743 0.023757 0.030154
0 0.588542 0.507538 0.032712 0.043037
0 0.651133 0.481634 0.025950 0.043311
0 0.711806 0.493969 0.020833 0.034539
0 0.631213 0.559073 0.027412 0.043037
0 0.609284 0.628015 0.032895 0.032346
0 0.637610 0.693531 0.025950 0.041667
0 0.577120 0.688048 0.029971 0.042763
0 0.538286 0.739995 0.027961 0.041393
0 0.531159 0.855400 0.032712 0.036458
0 0.604989 0.750274 0.022478 0.019189
0 0.535362 0.644052 0.033077 0.051261
0 0.499909 0.791667 0.028326 0.038925
0 0.459795 0.835115 0.029605 0.039748
0 0.492050 0.893366 0.029423 0.041118
0 0.450749 0.927769 0.027595 0.027686
0 0.362756 0.807703 0.031433 0.039748
0 0.344938 0.754934 0.033443 0.049890
0 0.407529 0.777138 0.031433 0.041118
0 0.329130 0.852248 0.033626 0.038377
0 0.326937 0.906798 0.023757 0.033991
0 0.325658 0.983141 0.033260 0.027138
0 0.295779 0.934759 0.026499 0.033991
0 0.409996 0.958470 0.023209 0.032072
0 0.420596 0.879386 0.029423 0.035088
0 0.609740 0.905976 0.030519 0.032895
0 0.642727 0.862939 0.021564 0.026864
0 0.573008 0.946957 0.022113 0.026590
0 0.676352 0.815378 0.022661 0.033169
0 0.707968 0.762747 0.019006 0.034265
0 0.736842 0.708470 0.019006 0.031524
0 0.673154 0.634046 0.021747 0.038925
0 0.694262 0.569353 0.022295 0.037281
0 0.257767 0.096491 0.033808 0.048794
0 0.298977 0.059348 0.032164 0.048520
0 0.304276 0.155976 0.029240 0.052632
0 0.280154 0.227659 0.035819 0.047971
0 0.189784 0.165844 0.024671 0.046053
0 0.228710 0.179413 0.024671 0.044134
0 0.204313 0.092516 0.027412 0.044134
0 0.183297 0.245340 0.038012 0.043311
0 0.221765 0.252878 0.025402 0.054002
0 0.241137 0.325384 0.029423 0.049890
0 0.276773 0.384046 0.023209 0.044408
0 0.158443 0.283854 0.025219 0.031524
0 0.169865 0.349232 0.031981 0.058114
0 0.191155 0.410362 0.032895 0.057566
0 0.223136 0.470258 0.036915 0.059485
0 0.262792 0.521107 0.036550 0.055921
0 0.312226 0.513706 0.031981 0.047149
0 0.209156 0.591831 0.033077 0.048794
0 0.241411 0.645559 0.036184 0.053728
0 0.271107 0.710663 0.034905 0.056195
0 0.235106 0.736294 0.024306 0.037281
0 0.266173 0.786732 0.030519 0.055373
0 0.157072 0.917078 0.028326 0.040844
0 0.150859 0.961760 0.026133 0.041393
0 0.123538 0.912829 0.026316 0.038377
0 0.108461 0.947231 0.021382 0.029879
0 0.085435 0.968065 0.028692 0.032621
0 0.059393 0.971765 0.020102 0.033443
0 0.078490 0.881990 0.021747 0.038651
0 0.095212 0.844024 0.030336 0.044956
0 0.130757 0.811678 0.024306 0.044408
0 0.132493 0.764666 0.028143 0.040296
0 0.200110 0.672560 0.020468 0.037007
0 0.178454 0.616365 0.025768 0.047423
0 0.153417 0.668174 0.026864 0.045230
0 0.135051 0.612939 0.024488 0.054825
0 0.150493 0.551261 0.025402 0.042763
0 0.182292 0.522752 0.027595 0.049342
0 0.161458 0.457511 0.024671 0.043311
0 0.129477 0.496573 0.028692 0.043586
0 0.139620 0.392270 0.030336 0.057018
0 0.125914 0.320312 0.033260 0.043586
0 0.117964 0.253564 0.027595 0.044956
0 0.117233 0.189282 0.025402 0.045779
0 0.122624 0.116502 0.023757 0.042215
0 0.160636 0.069627 0.026681 0.044956
0 0.235197 0.029468 0.014620 0.021656
0 0.350603 0.187637 0.033443 0.046875
0 0.352796 0.058114 0.022478 0.035636
0 0.403783 0.022752 0.030154 0.044408
