0 0.274671 0.087582 0.031067 0.052906
0 0.311495 0.110883 0.036732 0.055099
0 0.329130 0.062774 0.034357 0.053180
0 0.385417 0.054825 0.042398 0.057566
0 0.268640 0.157209 0.043494 0.060581
0 0.222039 0.184211 0.038743 0.052083
0 0.179094 0.233964 0.041301 0.054550
0 0.136422 0.288103 0.036732 0.062500
0 0.101791 0.347451 0.032529 0.050713
0 0.275402 0.285225 0.035819 0.059485
0 0.335344 0.279057 0.032164 0.047149
0 0.355263 0.195038 0.041667 0.051261
0 0.385234 0.167352 0.028509 0.044134
0 0.415662 0.135005 0.033808 0.056743
0 0.476517 0.078947 0.032346 0.054825
0 0.455683 0.150768 0.027230 0.049342
0 0.408808 0.215735 0.029605 0.047697
0 0.450749 0.242325 0.038560 0.058662
0 0.201846 0.092654 0.030519 0.042763
0 0.243878 0.048109 0.025402 0.046327
0 0.160179 0.140488 0.018823 0.036458
0 0.122807 0.193531 0.032164 0.043860
0 0.238213 0.350329 0.029423 0.057018
0 0.200841 0.414885 0.033626 0.049616
0 0.157895 0.444901 0.031798 0.049890
0 0.083425 0.421053 0.030154 0.050439
0 0.289291 0.432703 0.039474 0.052906
0 0.318348 0.358004 0.020468 0.033991
0 0.243969 0.486705 0.038377 0.055647
0 0.201480 0.531113 0.029788 0.053454
0 0.151133 0.545504 0.033626 0.055373
0 0.108553 0.532346 0.025950 0.042215
0 0.111111 0.624041 0.028509 0.053454
0 0.153052 0.669408 0.034905 0.048246
0 0.195175 0.655291 0.036550 0.052357
0 0.243787 0.629523 0.031798 0.042489
0 0.289017 0.582511 0.037463 0.054825
0 0.326389 0.529879 0.027047 0.034539
0 0.370980 0.466009 0.031433 0.043311
0 0.402412 0.396107 0.039108 0.061952
0 0.081871 0.674479 0.029240 0.040844
0 0.117964 0.722588 0.029423 0.044956
0 0.160819 0.743284 0.039474 0.045779
0 0.209338 0.732456 0.030885 0.048246
0 0.248447 0.695861 0.033443 0.049068
0 0.258041 0.758635 0.028874 0.058388
0 0.217654 0.804962 0.033991 0.052906
0 0.179368 0.826206 0.031615 0.050987
0 0.140077 0.830866 0.029423 0.042763
0 0.093933 0.795504 0.017178 0.031798
0 0.292855 0.709156 0.034174 0.055373
0 0.334430 0.656661 0.042398 0.056195
0 0.374086 0.598136 0.033991 0.058662
0 0.096674 0.888021 0.027412 0.043037
0 0.137518 0.910636 0.036001 0.047697
0 0.173794 0.902549 0.031798 0.045779
0 0.153874 0.959978 0.025585 0.038377
0 0.115040 0.953947 0.022478 0.033991
0 0.189327 0.949973 0.024854 0.041941
0 0.221583 0.920230 0.031981 0.054276
0 0.254386 0.886102 0.040205 0.052357
0 0.294042 0.848821 0.033991 0.046875
0 0.329952 0.798794 0.029423 0.043311
0 0.366959 0.746436 0.038012 0.049890
0 0.405519 0.693394 0.031433 0.056743
0 0.445175 0.628701 0.033626 0.052357
0 0.315698 0.934896 0.022113 0.036458
0 0.386239 0.847314 0.029788 0.039474
0 0.422515 0.792763 0.025585 0.047697
0 0.459795 0.737116 0.033991 0.058662
0 0.528509 0.099781 0.037646 0.059211
0 0.567800 0.131716 0.033260 0.050164
0 0.524671 0.181332 0.040570 0.061678
0 0.501279 0.257264 0.030336 0.045230
0 0.438779 0.327303 0.025950 0.043860
0 0.408991 0.305099 0.031798 0.050439
0 0.476243 0.341968 0.036184 0.057840
0 0.523209 0.341694 0.035819 0.052357
0 0.559302 0.270970 0.031250 0.056195
0 0.588176 0.202303 0.031250 0.054276
0 0.586531 0.374315 0.037463 0.053454
0 0.617050 0.307840 0.026499 0.048246
0 0.645194 0.242325 0.030519 0.058662
0 0.669591 0.171738 0.038012 0.061678
0 0.676626 0.103618 0.031615 0.044956
0 0.555281 0.444627 0.031981 0.052632
0 0.520925 0.510554 0.027595 0.053454
0 0.479532 0.572643 0.033626 0.050987
0 0.530428 0.616365 0.029788 0.052357
0 0.498721 0.684896 0.027778 0.047971
0 0.508955 0.757127 0.024123 0.054276
0 0.477431 0.807429 0.037098 0.038651
0 0.576754 0.826069 0.025585 0.044682
0 0.548154 0.871848 0.027230 0.044134
0 0.514163 0.926261 0.033077 0.044408
0 0.561860 0.916667 0.025402 0.027961
0 0.407986 0.908169 0.029057 0.035088
0 0.646382 0.714912 0.023026 0.046601
0 0.608644 0.767818 0.021382 0.038925