0 0.092197 0.467654 0.032346 0.048246
0 0.092379 0.539611 0.029788 0.039200
0 0.147661 0.454907 0.035088 0.052357
0 0.161732 0.603618 0.034357 0.047149
0 0.024671 0.561952 0.032529 0.042763
0 0.028235 0.401453 0.033077 0.045779
0 0.060124 0.373766 0.033626 0.044682
0 0.090643 0.291804 0.046053 0.045779
0 0.133224 0.350466 0.042763 0.061129
0 0.129934 0.531250 0.033626 0.047149
0 0.177449 0.532346 0.035819 0.049890
0 0.226517 0.501371 0.026864 0.050439
0 0.186404 0.435992 0.031798 0.052906
0 0.209887 0.589638 0.038560 0.048246
0 0.260325 0.566475 0.042215 0.044682
0 0.132219 0.266036 0.043677 0.070450
0 0.178819 0.308251 0.040753 0.064419
0 0.222953 0.251782 0.044956 0.060033
0 0.043768 0.290296 0.037829 0.052632
0 0.045687 0.181606 0.035088 0.044134
0 0.087171 0.180510 0.034722 0.055647
0 0.134960 0.165159 0.033808 0.054002
0 0.122350 0.084430 0.037829 0.050987
0 0.077120 0.061678 0.034357 0.053180
0 0.170779 0.079221 0.033808 0.052083
0 0.194170 0.144600 0.052814 0.064419
0 0.227065 0.076069 0.047332 0.058936
0 0.264346 0.132401 0.032712 0.064145
0 0.270376 0.203536 0.037098 0.069901
0 0.319262 0.175987 0.046784 0.067982
0 0.302632 0.053180 0.051535 0.060307
0 0.365588 0.121985 0.042215 0.059759
0 0.292672 0.366228 0.041484 0.061404
0 0.339090 0.328125 0.037098 0.059759
0 0.332876 0.429413 0.044042 0.064419
0 0.316612 0.554688 0.042580 0.045779
0 0.421692 0.479167 0.036001 0.049890
0 0.390534 0.389254 0.039839 0.050987
0 0.441064 0.342379 0.044773 0.061404
0 0.399031 0.274534 0.042946 0.050713
0 0.485197 0.162144 0.040936 0.049616
0 0.479532 0.419819 0.028874 0.040844
0 0.531433 0.377878 0.039474 0.046875
0 0.526864 0.097177 0.038377 0.047971
0 0.564510 0.150768 0.035819 0.050439
0 0.537372 0.212308 0.038194 0.055647
0 0.561312 0.030839 0.023940 0.047971
