0 0.040662 0.507264 0.018823 0.023300
0 0.083973 0.530839 0.019920 0.027138
0 0.113304 0.508087 0.019737 0.023300
0 0.059667 0.554825 0.018823 0.020285
0 0.131853 0.604441 0.016265 0.027412
0 0.162555 0.580181 0.021382 0.031524
0 0.078216 0.655976 0.024123 0.033991
0 0.096765 0.723136 0.024671 0.031798
0 0.126919 0.752056 0.028692 0.037007
0 0.104075 0.788377 0.028326 0.033443
0 0.086714 0.833882 0.025402 0.050439
0 0.123812 0.691749 0.028692 0.038103
0 0.151681 0.667215 0.025219 0.038925
0 0.192891 0.709841 0.032712 0.043037
0 0.185764 0.646245 0.026864 0.041393
0 0.224507 0.627330 0.031250 0.041393
0 0.231817 0.695450 0.034174 0.042763
0 0.223776 0.505482 0.023209 0.034539
0 0.232091 0.548383 0.027047 0.039200
0 0.073099 0.427495 0.024123 0.038651
0 0.105355 0.408169 0.016996 0.023026
0 0.160636 0.383909 0.023757 0.032072
0 0.133772 0.396107 0.018275 0.027412
0 0.227431 0.364172 0.024671 0.028235
0 0.270559 0.535773 0.023209 0.040296
0 0.270102 0.678865 0.028509 0.033717
0 0.261605 0.611568 0.031981 0.041667
0 0.301809 0.599781 0.028692 0.043311
0 0.311952 0.663651 0.028143 0.037829
0 0.346217 0.583333 0.020651 0.032346
0 0.314145 0.518229 0.021564 0.031524
0 0.389163 0.568668 0.021382 0.032072
0 0.354349 0.646107 0.027412 0.032346
0 0.400493 0.637061 0.025402 0.033443
0 0.447551 0.636513 0.027778 0.036732
0 0.480994 0.548109 0.031798 0.045779
0 0.433480 0.553454 0.019371 0.018092
0 0.354258 0.510005 0.028692 0.035910
0 0.397661 0.500000 0.032895 0.033443
0 0.442708 0.481908 0.028326 0.037281
0 0.486385 0.463816 0.035270 0.050987
0 0.525859 0.553043 0.023575 0.028783
0 0.494700 0.628152 0.032529 0.044134
0 0.527961 0.437911 0.029240 0.032072
0 0.645194 0.444627 0.028692 0.045504
0 0.634229 0.714090 0.022478 0.031798
0 0.653600 0.780565 0.018092 0.026590
0 0.559667 0.821957 0.026133 0.035362
0 0.580775 0.868969 0.028874 0.042215
0 0.607182 0.924753 0.030154 0.037555
0 0.548611 0.922834 0.033626 0.044134
0 0.439784 0.901453 0.028326 0.041941
0 0.404971 0.856086 0.036550 0.048794
0 0.398666 0.952714 0.030885 0.044682
0 0.664656 0.847039 0.025219 0.042763
0 0.677814 0.896656 0.024123 0.036732
0 0.695724 0.701069 0.021564 0.037007
0 0.685216 0.637610 0.018092 0.027412
0 0.675895 0.572917 0.015899 0.032895
0 0.785910 0.564282 0.022478 0.027686
0 0.793860 0.612939 0.021930 0.041667
0 0.800804 0.674342 0.019371 0.031798
0 0.709247 0.766859 0.021199 0.046327
0 0.717928 0.822917 0.025037 0.050987
0 0.688596 0.957922 0.029605 0.039748
0 0.730263 0.551672 0.028509 0.050713
0 0.767635 0.379523 0.021016 0.049068
0 0.772021 0.440515 0.027595 0.043311
0 0.779697 0.503701 0.018458 0.035362
0 0.370431 0.323739 0.029971 0.038377
0 0.333516 0.334430 0.027778 0.032895
0 0.354989 0.841557 0.035636 0.046601
0 0.305373 0.836760 0.033991 0.049068
0 0.263615 0.844709 0.033077 0.046327
0 0.258589 0.919271 0.035453 0.044134
0 0.219846 0.848410 0.035088 0.048794
0 0.183388 0.859786 0.031981 0.039748
0 0.150311 0.879797 0.023940 0.038103
0 0.119883 0.901727 0.024854 0.037007
0 0.218202 0.922834 0.027412 0.039748
0 0.148940 0.961486 0.027778 0.042489
0 0.180281 0.936541 0.027230 0.040296
