0 0.778783 0.368558 0.037829 0.051809
0 0.835344 0.352248 0.026316 0.041667
0 0.867507 0.266859 0.031067 0.045779
0 0.840461 0.221217 0.028509 0.045504
0 0.892818 0.185718 0.021016 0.025493
0 0.923337 0.237527 0.026499 0.043586
0 0.939967 0.298931 0.029788 0.046875
0 0.951115 0.360883 0.025037 0.038651
0 0.752741 0.311129 0.031798 0.034539
0 0.740588 0.230400 0.025037 0.031524
0 0.781524 0.251782 0.035270 0.051809
0 0.711166 0.278098 0.028326 0.039748
0 0.667124 0.271519 0.033808 0.040844
0 0.699653 0.167900 0.025768 0.044682
0 0.841100 0.126234 0.025768 0.038651
0 0.798702 0.115132 0.025037 0.042763
0 0.755117 0.093887 0.038012 0.042489
0 0.651224 0.170504 0.029057 0.045504
0 0.665753 0.086760 0.035088 0.044682
0 0.712537 0.084704 0.027047 0.040570
0 0.970669 0.240132 0.026499 0.048794
0 0.988578 0.296464 0.022844 0.043586
0 0.888523 0.327303 0.032529 0.048794
0 0.900950 0.394326 0.033260 0.048520
0 0.905336 0.453262 0.027047 0.046875
0 0.859284 0.480126 0.023026 0.043586
0 0.816064 0.489720 0.029788 0.044682
0 0.778143 0.561952 0.027047 0.046601
0 0.831963 0.676535 0.027595 0.042763
0 0.866502 0.549205 0.026499 0.045779
0 0.912555 0.525768 0.030519 0.047697
0 0.965643 0.559348 0.031067 0.041393
0 0.962537 0.495888 0.022295 0.042763
0 0.963268 0.430373 0.026316 0.053728
0 0.785545 0.692297 0.020285 0.035362
0 0.778235 0.622944 0.022113 0.040844
0 0.739949 0.443942 0.020468 0.028783
0 0.715095 0.392133 0.022661 0.033169
0 0.671966 0.364309 0.026316 0.046601
0 0.625914 0.369243 0.028874 0.027961
0 0.639711 0.563871 0.027230 0.036184
0 0.673154 0.604578 0.026499 0.040296
0 0.693988 0.502056 0.024671 0.027138
0 0.659814 0.482593 0.023209 0.038103
0 0.689967 0.657072 0.025037 0.031250
0 0.699836 0.715323 0.017361 0.028235
0 0.709156 0.834841 0.022478 0.042489
0 0.726060 0.746985 0.025950 0.035088
0 0.686129 0.886924 0.024306 0.033169
0 0.699105 0.931058 0.019554 0.027138
0 0.787189 0.813459 0.016996 0.024397
0 0.784265 0.755071 0.019920 0.033717
0 0.846034 0.795779 0.019189 0.027412
0 0.830409 0.733416 0.030702 0.041393
0 0.865040 0.737939 0.016630 0.027412
0 0.830044 0.611979 0.027047 0.033169
0 0.865954 0.677632 0.023209 0.034539
0 0.864857 0.609649 0.024671 0.042763
0 0.917398 0.656524 0.025950 0.042215
0 0.921235 0.713268 0.026681 0.034539
0 0.923702 0.778372 0.023209 0.038103
0 0.927906 0.828810 0.019920 0.040844
0 0.932840 0.882127 0.020285 0.035088
0 0.938231 0.931332 0.018275 0.032072
0 0.915022 0.584156 0.023026 0.042763
0 0.849141 0.415022 0.031615 0.039474
0 0.872167 0.076206 0.019554 0.026316
0 0.831323 0.051672 0.024488 0.038103
0 0.787920 0.030702 0.027961 0.035636
0 0.746985 0.020696 0.024306 0.030976
0 0.608187 0.199287 0.033991 0.033991
0 0.615406 0.088268 0.033077 0.035088
0 0.569262 0.105811 0.031067 0.038377
0 0.525585 0.138295 0.034357 0.040844
0 0.540844 0.031250 0.037098 0.044956
0 0.811769 0.291667 0.027047 0.033991
0 0.757767 0.497944 0.023940 0.033169
0 0.739492 0.612802 0.026133 0.033169
0 0.797332 0.872122 0.021199 0.032072
0 0.810673 0.918311 0.020102 0.030154
0 0.490863 0.053043 0.027047 0.037007
0 0.447734 0.076069 0.032895 0.032621
0 0.397021 0.092379 0.030519 0.035636
0 0.347588 0.110197 0.033260 0.038377
0 0.296235 0.035773 0.033260 0.038103
0 0.249269 0.050027 0.031798 0.031524
0 0.255391 0.138432 0.027961 0.031798
0 0.382493 0.219298 0.032164 0.027961
0 0.431652 0.192708 0.031798 0.038925
0 0.479349 0.163514 0.030702 0.036458
0 0.515260 0.256305 0.030154 0.029057
0 0.567160 0.225329 0.028692 0.036184
0 0.473776 0.283306 0.032346 0.037555
0 0.428637 0.311266 0.037829 0.037555
0 0.381396 0.332785 0.036184 0.043311
0 0.336897 0.237527 0.035270 0.037555
0 0.289382 0.252056 0.034905 0.037555
0 0.243878 0.262610 0.025402 0.026864
0 0.308571 0.389803 0.030519 0.042763
0 0.354167 0.390214 0.034357 0.041941
0 0.404057 0.390077 0.039108 0.038377
0 0.451937 0.379523 0.034357 0.036458
0 0.499360 0.442023 0.034905 0.041393
0 0.540205 0.410088 0.039108 0.042763
0 0.580775 0.391859 0.035088 0.036458
0 0.363121 0.554002 0.024123 0.025219
0 0.404788 0.556606 0.023392 0.033169
0 0.446820 0.551535 0.029240 0.039474
0 0.487847 0.539611 0.027961 0.030976
0 0.530976 0.508498 0.022478 0.027412
0 0.575384 0.494380 0.024671 0.027686
0 0.556287 0.575658 0.023757 0.029057
0 0.597496 0.559073 0.021382 0.030428
0 0.516447 0.597039 0.023757 0.027412
0 0.431835 0.622122 0.023757 0.030428
0 0.471583 0.615543 0.026864 0.034814
0 0.386605 0.619243 0.021747 0.031250
0 0.330683 0.348136 0.029057 0.031798
0 0.260874 0.390488 0.027230 0.029879
0 0.874817 0.863898 0.023392 0.038103
0 0.967288 0.751234 0.023757 0.040296
0 0.961806 0.694216 0.020468 0.032072
0 0.966648 0.627467 0.025037 0.042763
0 0.161367 0.070312 0.031433 0.038651
0 0.122350 0.078673 0.033443 0.036732
0 0.080866 0.087308 0.028326 0.032621
0 0.152230 0.272889 0.028143 0.033169
0 0.164291 0.371162 0.022661 0.036184
0 0.199836 0.368421 0.020651 0.026864
0 0.125731 0.367188 0.030336 0.034814
0 0.115680 0.281935 0.023392 0.033717
0 0.211714 0.148986 0.025768 0.029331
0 0.129295 0.165022 0.025037 0.028509
0 0.168220 0.157484 0.022478 0.029879
0 0.092928 0.171190 0.025402 0.026590
0 0.054642 0.176535 0.024123 0.026864
0 0.303363 0.608964 0.023757 0.033169
0 0.276499 0.552083 0.023757 0.027961
0 0.315333 0.548520 0.026864 0.030154